Tx:000062-01 2B 00 00 00 06 01 03 00 00 00 0A
Rx:000063-01 2B 00 00 00 17 01 03 14 00 00 00 34 00 00 00 05 00 00 00 00 00 00 00 00 00 00 00 00
Tx:000064-01 2C 00 00 00 06 01 06 00 06 00 2B --> Slave ID : 1 | Adress : 6 | Value : 43
Rx:000065-01 2C 00 00 00 06 01 06 00 06 00 2B --> Response
Tx:000066-01 2D 00 00 00 06 01 03 00 00 00 0A
Rx:000067-01 2D 00 00 00 17 01 03 14 00 00 00 34 00 00 00 05 00 00 00 00 00 2B 00 00 00 00 00 00
Tx:000068-01 2E 00 00 00 06 01 03 00 00 00 0A
Rx:000069-01 2E 00 00 00 17 01 03 14 00 00 00 34 00 00 00 05 00 00 00 00 00 2B 00 00 00 00 00 00
Tx:000070-01 2F 00 00 00 06 01 03 00 00 00 0A
Rx:000071-01 2F 00 00 00 17 01 03 14 00 00 00 34 00 00 00 05 00 00 00 00 00 2B 00 00 00 00 00 00
Tx:000072-01 30 00 00 00 06 01 03 00 00 00 0A
Rx:000073-01 30 00 00 00 17 01 03 14 00 00 00 34 00 00 00 05 00 00 00 00 00 2B 00 00 00 00 00 00
Tx:000074-01 31 00 00 00 06 01 03 00 00 00 0A
Rx:000075-01 31 00 00 00 17 01 03 14 00 00 00 34 00 00 00 05 00 00 00 00 00 2B 00 00 00 00 00 00

Tx:000042-01 2A 00 00 00 06 01 03 00 00 00 0A
Rx:000043-01 2A 00 00 00 17 01 03 14 00 00 00 34 00 00 00 05 00 00 00 00 00 2B 00 00 00 00 00 00
Tx:000044-01 2B 00 00 00 06 01 03 00 00 00 0A
Rx:000045-01 2B 00 00 00 17 01 03 14 00 00 00 34 00 00 00 05 00 00 00 00 00 2B 00 00 00 00 00 00
Tx:000046-01 2C 00 00 00 06 01 03 00 00 00 0A
Rx:000047-01 2C 00 00 00 17 01 03 14 00 00 00 34 00 00 00 05 00 00 00 00 00 2B 00 00 00 00 00 00
Tx:000048-01 01 06 00 03 00 2C --> ERROR (No response)
Tx:000049-01 52 00 00 00 06 01 03 00 00 00 0A
Rx:000050-01 52 00 00 00 17 01 03 14 00 00 00 34 00 00 00 05 00 00 00 00 00 2B 00 00 00 00 00 00
Tx:000051-01 53 00 00 00 06 01 03 00 00 00 0A
Rx:000052-01 53 00 00 00 17 01 03 14 00 00 00 34 00 00 00 05 00 00 00 00 00 2B 00 00 00 00 00 00
Tx:000053-01 54 00 00 00 06 01 03 00 00 00 0A
Rx:000054-01 54 00 00 00 17 01 03 14 00 00 00 34 00 00 00 05 00 00 00 00 00 2B 00 00 00 00 00 00
Tx:000055-01 55 00 00 00 06 01 03 00 00 00 0A
Rx:000056-01 55 00 00 00 17 01 03 14 00 00 00 34 00 00 00 05 00 00 00 00 00 2B 00 00 00 00 00 00
Tx:000057-01 56 00 00 00 06 01 03 00 00 00 0A
Rx:000058-01 56 00 00 00 17 01 03 14 00 00 00 34 00 00 00 05 00 00 00 00 00 2B 00 00 00 00 00 00
Tx:000059-01 57 00 00 00 06 01 03 00 00 00 0A
Rx:000060-01 57 00 00 00 17 01 03 14 00 00 00 34 00 00 00 05 00 00 00 00 00 2B 00 00 00 00 00 00
Tx:000061-01 58 00 00 00 06 01 03 00 00 00 0A
Rx:000062-01 58 00 00 00 17 01 03 14 00 00 00 34 00 00 00 05 00 00 00 00 00 2B 00 00 00 00 00 00
Tx:000063-01 59 00 00 00 06 01 03 00 00 00 0A
Rx:000064-01 59 00 00 00 17 01 03 14 00 00 00 34 00 00 00 05 00 00 00 00 00 2B 00 00 00 00 00 00
Tx:000065-01 5A 00 00 00 06 01 03 00 00 00 0A
Rx:000066-01 5A 00 00 00 17 01 03 14 00 00 00 34 00 00 00 05 00 00 00 00 00 2B 00 00 00 00 00 00
Tx:000067-01 5B 00 00 00 06 01 03 00 00 00 0A
Rx:000068-01 5B 00 00 00 17 01 03 14 00 00 00 34 00 00 00 05 00 00 00 00 00 2B 00 00 00 00 00 00
Tx:000069-01 5C 00 00 00 06 01 03 00 00 00 0A
Rx:000070-01 5C 00 00 00 17 01 03 14 00 00 00 34 00 00 00 05 00 00 00 00 00 2B 00 00 00 00 00 00
Tx:000071-01 5D 00 00 00 06 01 03 00 00 00 0A
Rx:000072-01 5D 00 00 00 17 01 03 14 00 00 00 34 00 00 00 05 00 00 00 00 00 2B 00 00 00 00 00 00
Tx:000073-01 5E 00 00 00 06 01 03 00 00 00 0A
Rx:000074-01 5E 00 00 00 17 01 03 14 00 00 00 34 00 00 00 05 00 00 00 00 00 2B 00 00 00 00 00 00
Tx:000075-01 5F 00 00 00 06 01 03 00 00 00 0A
Rx:000076-01 5F 00 00 00 17 01 03 14 00 00 00 34 00 00 00 05 00 00 00 00 00 2B 00 00 00 00 00 00
Tx:000077-01 60 00 00 00 06 01 03 00 00 00 0A
Rx:000078-01 60 00 00 00 17 01 03 14 00 00 00 34 00 00 00 05 00 00 00 00 00 2B 00 00 00 00 00 00
Tx:000079-01 61 00 00 00 06 01 03 00 00 00 0A
Rx:000080-01 61 00 00 00 17 01 03 14 00 00 00 34 00 00 00 05 00 00 00 00 00 2B 00 00 00 00 00 00
Tx:000081-01 06 00 03 00 2C --> ERROR
Tx:000082-01 90 00 00 00 06 01 03 00 00 00 0A
Rx:000083-01 90 00 00 00 17 01 03 14 00 00 00 34 00 00 00 05 00 00 00 00 00 2B 00 00 00 00 00 00
Tx:000084-01 91 00 00 00 06 01 03 00 00 00 0A
Rx:000085-01 91 00 00 00 17 01 03 14 00 00 00 34 00 00 00 05 00 00 00 00 00 2B 00 00 00 00 00 00
Tx:000086-01 92 00 00 00 06 01 03 00 00 00 0A
Rx:000087-01 92 00 00 00 17 01 03 14 00 00 00 34 00 00 00 05 00 00 00 00 00 2B 00 00 00 00 00 00
Tx:000088-01 93 00 00 00 06 01 06 00 0A 01 64 --> GOOD REQUEST
Rx:000089-01 93 00 00 00 06 01 06 00 0A 01 64
Tx:000090-01 94 00 00 00 06 01 03 00 00 00 0A
Rx:000091-01 94 00 00 00 17 01 03 14 00 00 00 34 00 00 00 05 00 00 00 00 00 2B 00 00 00 00 00 00
Tx:000092-01 95 00 00 00 06 01 03 00 00 00 0A
Rx:000093-01 95 00 00 00 17 01 03 14 00 00 00 34 00 00 00 05 00 00 00 00 00 2B 00 00 00 00 00 00
Tx:000094-01 96 00 00 00 06 01 03 00 00 00 0A
Rx:000095-01 96 00 00 00 17 01 03 14 00 00 00 34 00 00 00 05 00 00 00 00 00 2B 00 00 00 00 00 00
Tx:000096-01 97 00 00 00 06 01 03 00 00 00 0A
Rx:000097-01 97 00 00 00 17 01 03 14 00 00 00 34 00 00 00 05 00 00 00 00 00 2B 00 00 00 00 00 00
Tx:000098-01 98 00 00 00 06 01 03 00 00 00 0A
Rx:000099-01 98 00 00 00 17 01 03 14 00 00 00 34 00 00 00 05 00 00 00 00 00 2B 00 00 00 00 00 00
Tx:000100-02 04 00 00 00 06 01 03 00 00 00 0A
Rx:000101-02 04 00 00 00 17 01 03 14 00 00 00 34 00 00 00 05 00 00 00 00 00 2B 00 00 00 00 00 00
Tx:000102-02 05 00 00 00 06 01 06 00 0A 07 9E --> GOOD REQUEST
Rx:000103-02 05 00 00 00 06 01 06 00 0A 07 9E
Tx:000104-02 06 00 00 00 06 01 03 00 00 00 0A
Rx:000105-02 06 00 00 00 17 01 03 14 00 00 00 34 00 00 00 05 00 00 00 00 00 2B 00 00 00 00 00 00
Tx:000106-02 0F 00 00 00 06 01 06 00 0A 2A C6 --> GOOD REQUEST
Rx:000107-02 0F 00 00 00 06 01 06 00 0A 2A C6
Tx:000108-02 10 00 00 00 06 01 03 00 00 00 0A
Rx:000109-02 10 00 00 00 17 01 03 14 00 00 00 34 00 00 00 05 00 00 00 00 00 2B 00 00 00 00 00 00
Tx:000110-02 1E 00 00 00 06 01 03 00 00 00 0A
Rx:000111-02 1E 00 00 00 17 01 03 14 00 00 00 34 00 00 00 05 00 00 00 00 00 2B 00 00 00 00 00 00
Tx:000112-02 1F 00 00 00 06 01 03 00 00 00 0A

